0 1073741823 1073741823 1073741823 1073741823 1073741823 1073741823 1073741823 1073741823 1073741823 1073741823 1073741823 1073741823 1073741823 1073741823 1073741823 1073741823 1073741823 1073741823 1073741823 1073741823 1073741823 1073741823 1073741823 1073741823 1073741823 1073741823 1073741823 1073741823 1073741823 1073741823 1073741823 1073741823 1073741823 1073741823 1073741823 1073741823 1073741823 1073741823 1073741823 1073741823 1073741823 1073741823 1073741823 1073741823 1073741823 1073741823 1073741823 1073741823 1073741823 1073741823 1073741823 1073741823 1073741823 1073741823 1073741823 1073741823 1073741823 1073741823 1073741823 1073741823 1073741823 1073741823 1073741823 1073741823 1073741823 1073741823 1073741823 1073741823 1073741823 1073741823 1073741823 1073741823 1073741823 1073741823 1073741823 1073741823 1073741823 1073741823 1073741823 1073741823 1073741823 1073741823 1073741823 1073741823 1073741823 1073741823 1073741823 1073741823 1073741823 1073741823 1073741823 1073741823 1073741823 1073741823 1073741823 1073741823 1073741823 1073741823 1073741823 1073741823 
0 9 9 9 9 9 9 9 9 9 9 9 9 9 9 9 9 9 9 9 9 9 9 9 9 9 9 9 9 9 9 9 9 9 9 9 9 9 9 9 9 9 9 9 9 9 9 9 9 9 9 9 9 9 9 9 9 9 9 9 9 9 9 9 9 1073741823 1073741823 1073741823 1073741823 1073741823 1073741823 1073741823 1073741823 1073741823 1073741823 1073741823 1073741823 1073741823 1073741823 1073741823 1073741823 1073741823 1073741823 1073741823 1073741823 1073741823 1073741823 1073741823 1073741823 1073741823 1073741823 1073741823 1073741823 1073741823 1073741823 1073741823 1073741823 1073741823 1073741823 1073741823 1073741823 
0 8 8 8 8 8 8 8 8 8 8 8 8 8 8 8 8 8 8 8 8 8 8 8 8 8 8 8 8 8 8 8 8 8 8 8 8 8 8 8 8 8 8 8 8 8 8 8 8 8 8 8 8 8 8 8 8 8 8 8 8 8 8 8 8 8 8 8 8 8 8 8 8 8 8 8 17 17 17 17 17 17 17 17 17 17 17 17 17 17 17 17 17 17 17 17 17 17 17 17 17 

0 1073741823 1073741823 1073741823 1073741823 1073741823 1073741823 1073741823 1073741823 1073741823 1073741823 1073741823 1073741823 1073741823 1073741823 1073741823 1073741823 1073741823 1073741823 1073741823 1073741823 1073741823 1073741823 1073741823 1073741823 1073741823 1073741823 1073741823 1073741823 1073741823 1073741823 1073741823 1073741823 1073741823 1073741823 1073741823 1073741823 1073741823 1073741823 1073741823 1073741823 1073741823 1073741823 1073741823 1073741823 1073741823 1073741823 1073741823 1073741823 1073741823 1073741823 1073741823 1073741823 1073741823 1073741823 1073741823 1073741823 1073741823 1073741823 1073741823 1073741823 1073741823 1073741823 1073741823 1073741823 1073741823 1073741823 1073741823 1073741823 1073741823 1073741823 1073741823 1073741823 1073741823 1073741823 1073741823 1073741823 1073741823 1073741823 1073741823 1073741823 1073741823 1073741823 1073741823 1073741823 1073741823 1073741823 1073741823 1073741823 1073741823 1073741823 1073741823 1073741823 1073741823 1073741823 1073741823 1073741823 1073741823 1073741823 1073741823 1073741823 
0 20 20 20 20 20 20 20 20 20 20 20 20 20 20 20 20 20 20 20 20 20 20 20 20 20 20 20 20 20 20 20 20 20 20 20 20 20 20 20 20 20 20 20 20 20 20 20 20 20 20 20 20 20 20 20 20 20 20 20 20 20 20 20 20 20 20 20 20 20 20 20 20 20 20 20 20 20 20 20 20 20 20 1073741823 1073741823 1073741823 1073741823 1073741823 1073741823 1073741823 1073741823 1073741823 1073741823 1073741823 1073741823 1073741823 1073741823 1073741823 1073741823 1073741823 1073741823 
0 14 14 14 14 14 14 14 14 14 14 14 14 14 14 14 14 14 14 14 14 14 14 14 14 14 14 14 14 14 14 14 14 14 14 14 14 14 14 14 14 14 14 14 14 14 14 14 14 14 14 14 14 14 14 14 14 14 14 14 14 14 14 14 14 14 14 14 14 14 14 14 14 14 14 14 14 14 14 14 14 14 14 14 14 14 14 14 14 14 14 14 14 14 14 14 34 34 34 34 34 
0 14 14 14 14 14 14 14 14 14 14 14 14 14 14 14 14 14 14 14 14 14 14 14 14 14 14 14 14 14 14 14 14 14 14 14 14 14 14 14 14 14 14 14 14 14 14 14 14 14 14 14 14 14 14 14 14 14 14 14 14 14 14 14 14 14 14 14 14 14 14 14 14 14 14 14 14 14 14 14 14 14 14 14 14 14 14 14 14 14 14 14 14 14 14 14 30 30 30 30 30 

-1
0 1073741823 1073741823 1073741823 1073741823 1073741823 1073741823 1073741823 1073741823 1073741823 1073741823 1073741823 1073741823 1073741823 1073741823 1073741823 1073741823 1073741823 1073741823 1073741823 1073741823 1073741823 1073741823 1073741823 1073741823 1073741823 1073741823 1073741823 1073741823 1073741823 1073741823 1073741823 1073741823 1073741823 1073741823 1073741823 1073741823 1073741823 1073741823 1073741823 1073741823 1073741823 1073741823 1073741823 1073741823 1073741823 1073741823 1073741823 1073741823 1073741823 1073741823 1073741823 1073741823 1073741823 1073741823 1073741823 1073741823 1073741823 1073741823 1073741823 1073741823 1073741823 1073741823 1073741823 1073741823 1073741823 1073741823 1073741823 1073741823 1073741823 1073741823 1073741823 1073741823 1073741823 1073741823 1073741823 1073741823 1073741823 1073741823 1073741823 1073741823 1073741823 1073741823 1073741823 1073741823 1073741823 1073741823 1073741823 1073741823 1073741823 1073741823 1073741823 1073741823 1073741823 1073741823 1073741823 1073741823 1073741823 1073741823 1073741823 1073741823 
0 3 3 3 3 3 3 3 3 3 3 3 3 3 3 3 3 3 3 3 3 3 3 3 3 3 3 3 3 3 3 3 3 3 3 3 3 3 3 3 3 3 3 3 3 3 3 1073741823 1073741823 1073741823 1073741823 1073741823 1073741823 1073741823 1073741823 1073741823 1073741823 1073741823 1073741823 1073741823 1073741823 1073741823 1073741823 1073741823 1073741823 1073741823 1073741823 1073741823 1073741823 1073741823 1073741823 1073741823 1073741823 1073741823 1073741823 1073741823 1073741823 1073741823 1073741823 1073741823 1073741823 1073741823 1073741823 1073741823 1073741823 1073741823 1073741823 1073741823 1073741823 1073741823 1073741823 1073741823 1073741823 1073741823 1073741823 1073741823 1073741823 1073741823 1073741823 1073741823 1073741823 
0 3 3 3 3 3 3 3 3 3 3 3 3 3 3 3 3 3 3 3 3 3 3 3 3 3 3 3 3 3 3 3 3 3 3 3 3 3 3 3 3 3 3 3 3 3 3 10 10 10 10 10 10 10 10 10 10 10 10 10 10 10 10 10 10 13 13 13 13 13 13 13 13 13 13 13 13 13 13 13 13 13 13 13 13 13 13 13 13 13 13 13 13 13 13 13 13 13 13 13 13 

0 1073741823 1073741823 1073741823 1073741823 1073741823 1073741823 1073741823 1073741823 1073741823 1073741823 1073741823 1073741823 1073741823 1073741823 1073741823 1073741823 1073741823 1073741823 1073741823 1073741823 1073741823 1073741823 1073741823 1073741823 1073741823 1073741823 1073741823 1073741823 1073741823 1073741823 1073741823 1073741823 1073741823 1073741823 1073741823 1073741823 1073741823 1073741823 1073741823 1073741823 1073741823 1073741823 1073741823 1073741823 1073741823 1073741823 1073741823 1073741823 1073741823 1073741823 1073741823 1073741823 1073741823 1073741823 1073741823 1073741823 1073741823 1073741823 1073741823 1073741823 1073741823 1073741823 1073741823 1073741823 1073741823 1073741823 1073741823 1073741823 1073741823 1073741823 1073741823 1073741823 1073741823 1073741823 1073741823 1073741823 1073741823 1073741823 1073741823 1073741823 1073741823 1073741823 1073741823 1073741823 1073741823 1073741823 1073741823 1073741823 1073741823 1073741823 1073741823 1073741823 1073741823 1073741823 1073741823 1073741823 1073741823 1073741823 1073741823 1073741823 
0 2 2 2 2 2 2 2 2 2 2 2 2 2 2 2 2 2 2 2 2 2 2 2 2 2 2 2 2 2 2 2 2 2 2 2 2 2 2 2 2 2 2 2 2 2 2 2 2 2 2 2 2 2 2 2 2 2 2 2 2 2 2 2 2 2 2 1073741823 1073741823 1073741823 1073741823 1073741823 1073741823 1073741823 1073741823 1073741823 1073741823 1073741823 1073741823 1073741823 1073741823 1073741823 1073741823 1073741823 1073741823 1073741823 1073741823 1073741823 1073741823 1073741823 1073741823 1073741823 1073741823 1073741823 1073741823 1073741823 1073741823 1073741823 1073741823 1073741823 1073741823 
0 2 2 2 2 2 2 2 2 2 2 2 2 2 2 2 2 2 2 2 2 2 2 2 2 2 2 2 2 2 2 2 2 2 2 2 2 2 2 2 2 2 2 2 2 2 2 2 2 2 2 2 2 2 2 2 2 2 2 2 2 2 2 2 2 2 2 20 20 20 20 20 20 20 20 20 20 20 20 20 20 20 20 20 20 20 20 20 20 20 20 20 20 20 22 22 22 22 22 22 22 
0 2 2 2 2 2 2 2 2 2 2 2 2 2 2 2 2 2 2 2 2 2 2 2 2 2 2 2 2 2 2 2 2 2 2 2 2 2 2 2 2 2 2 2 2 2 2 2 2 2 2 2 2 2 2 2 2 2 2 2 2 2 2 2 2 2 2 10 10 10 10 10 10 10 10 10 10 10 10 10 10 10 10 10 10 10 10 10 10 10 10 10 10 10 10 10 10 10 10 10 10 
0 2 2 2 2 2 2 2 2 2 2 2 2 2 2 2 2 2 2 2 2 2 2 2 2 2 2 2 2 2 2 2 2 2 2 2 2 2 2 2 2 2 2 2 2 2 2 2 2 2 2 2 2 2 2 2 2 2 2 2 2 2 2 2 2 2 2 10 10 10 10 10 10 10 10 10 10 10 10 10 10 10 10 10 10 10 10 10 10 10 10 10 10 10 10 10 10 10 10 10 10 

4
4 3 5 1 
0 1073741823 1073741823 1073741823 1073741823 1073741823 1073741823 1073741823 1073741823 1073741823 1073741823 1073741823 1073741823 1073741823 1073741823 1073741823 1073741823 1073741823 1073741823 1073741823 1073741823 1073741823 1073741823 1073741823 1073741823 1073741823 1073741823 1073741823 1073741823 1073741823 1073741823 1073741823 1073741823 1073741823 1073741823 1073741823 1073741823 1073741823 1073741823 1073741823 1073741823 1073741823 1073741823 1073741823 1073741823 1073741823 1073741823 1073741823 1073741823 1073741823 1073741823 1073741823 1073741823 1073741823 1073741823 1073741823 1073741823 1073741823 1073741823 1073741823 1073741823 1073741823 1073741823 1073741823 1073741823 1073741823 1073741823 1073741823 1073741823 1073741823 1073741823 1073741823 1073741823 1073741823 1073741823 1073741823 1073741823 1073741823 1073741823 1073741823 1073741823 1073741823 1073741823 1073741823 1073741823 1073741823 1073741823 1073741823 1073741823 1073741823 1073741823 1073741823 1073741823 1073741823 1073741823 1073741823 1073741823 1073741823 1073741823 1073741823 1073741823 
0 1000000000 1000000000 1000000000 1000000000 1000000000 1000000000 1000000000 1000000000 1000000000 1000000000 1000000000 1000000000 1000000000 1000000000 1000000000 1000000000 1000000000 1000000000 1000000000 1000000000 1000000000 1000000000 1000000000 1000000000 1000000000 1000000000 1000000000 1000000000 1000000000 1000000000 1000000000 1000000000 1000000000 1000000000 1000000000 1000000000 1000000000 1000000000 1000000000 1000000000 1000000000 1000000000 1000000000 1000000000 1000000000 1000000000 1000000000 1000000000 1000000000 1000000000 1000000000 1000000000 1000000000 1000000000 1000000000 1000000000 1000000000 1000000000 1000000000 1000000000 1000000000 1000000000 1000000000 1000000000 1000000000 1000000000 1000000000 1000000000 1000000000 1000000000 1000000000 1000000000 1000000000 1000000000 1000000000 1000000000 1000000000 1000000000 1000000000 1000000000 1000000000 1000000000 1000000000 1000000000 1000000000 1000000000 1000000000 1000000000 1000000000 1000000000 1000000000 1000000000 1000000000 1000000000 1000000000 1000000000 1000000000 1000000000 1000000000 1000000000 

1
1 
